Ivo
Ivić
1234567890
ivic@tvz.hr
2
4,5,2,4,3,2,3,4,2,4,3,3,4,5,3,4,2
453251
01.10.2022.

Blanka
Vlašić
9087654321
vblanka@pmf.hr
1
4,3,4,5,5,2,4,3
556434
23.09.2021.

Pero
Perić
4321567890
pperic@fer.hr
3
2,2,3,2,2,3,2,3,4,2,4,2,5,2,3,3,2,4,3,2,2,4,5,4,3,2
232342
02.10.2021.

Marko
Marić
4583745091
mmaric@efos.hr
1
2,2,4,2,5,5,2,2
573857
28.10.2023.

Iva
Lucić
0532532112
ilucic.tvz@hr
3
5,4,4,5,5,3,5,5,3,4,4,5,5,5,3,4,4,4,5,5,5,5,2,3,4,3
231123
10.10.2021.

Ana
Kovač
1000084635
ana.kovac@pmf.hr
2
4,3,2,4,5,3,4,5,3,4,5,4,3,2,4,3,5
798525
15.09.2022.

Petar
Horvat
1000022556
petar.horvat@fer.com
1
3,4,5,2,4,3,2,4
569001
15.10.2023.

Lucija
Babić
1000011451
lucija.babic@efos.com
3
5,4,3,5,2,4,3,5,4,2,4,3,2,5,3,4,5,3,4,2,4,4,5,3,4,2
651234
02.08.2020.

Tomislav
Novak
1000080321
tomislav.novak@efos.com
1
4,5,2,4,3,3,2,4
501231
10.09.2023.

Martina
Vuković
1000058332
martina.vukovic@tvz.com
3
2,4,3,5,4,3,2,4,5,2,4,3,5,4,3,2,4,5,3,4,2,5,5,5,3,4
905648
08.01.2020.

Luka
Kralj
1000072193
luka.kralj@tvz.com
2
5,3,4,2,4,3,5,2,4,3,2,4,3,4,5,2,3
470125
11.11.2022.

Elena
Pavić
1000094624
elena.pavic@tvz.com
2
4,3,5,4,2,4,3,4,5,2,4,3,2,4,5,3,4
863215
07.06.2022.

Matija
Matić
1000037465
matija.matic@pmf.com
1
3,4,5,2,4,3,2,4
009101
11.11.2023.

Ivana
Barišić
1000048716
ivana.barisic@pmf.com
3
4,5,3,2,4,3,2,5,4,3,4,2,4,3,5,2,4,3,3,4,5,5,2,5,5,3
582394
23.02.2021.

Leon
Knežević
1000069857
leon.knezevic@efos.com
1
2,3,4,2,4,3,5,2
231453
05.10.2023.

Sara
Marić
1000032488
sara.maric@tvz.com
3
3,4,5,2,4,3,2,4,3,4,5,2,4,3,2,4,5,3,5,5,5,5,2,3,3,3
714286
14.01.2020.

Filip
Jurić
1000013709
filip.juric@pmf.com
2
4,5,3,2,4,3,4,5,2,4,3,2,4,3,5,2,4
628541
05.12.2021.

Ema
Kovačević
10000660410
ema.kovacevic@pmf.com
1
2,3,4,2,4,3,5,2
323430
06.10.2023.

Bruno
Martinović
10000772911
bruno.martinovic@pmf.com
3
4,5,2,4,3,3,2,4,5,3,4,2,4,3,4,5,2,3,4,2,5,5,5,3,5
395678
09.09.2022.

Ivana
Šarić
10000515212
ivana.saric@tvz.com
2
5,3,4,2,4,3,5,2,4,3,2,4,3,4,5,2,3
982134
28.07.2023.

Antonio
Burić
10000927513
antonio.buric@pmf.com
1
3,4,5,2,4,3,2,4
675456
29.11.2023.

Mia
Petrović
10000608614
mia.petrovic@fer.com
3
5,4,3,2,4,3,2,5,4,2,4,3,5,4,3,2,4,5,3,4,2,5,4,5,5,5
546782
16.04.2020.

